RAPIDEYE 1              
1 33314U 08040C   23256.90125250  .00003256  00000+0  28531-3 0  9995
2 33314  97.5548 307.4232 0025957  21.3786 338.8514 14.97094539814613
RAPIDEYE 2              
1 33312U 08040A   23256.87412228  .00002847  00000+0  24284-3 0  9999
2 33312  97.5329 306.6074 0011338  18.5272 341.6361 14.98444462814751
RAPIDEYE 3              
1 33315U 08040D   23256.66929260  .00002901  00000+0  23905-3 0  9998
2 33315  97.5343 308.1115 0003869 290.8503  69.2306 14.99808883814883
RAPIDEYE 4              
1 33316U 08040E   23256.70461044  .00002521  00000+0  21954-3 0  9995
2 33316  97.5411 305.1883 0005012 278.5460  81.5195 14.97765479814633
RAPIDEYE 5              
1 33313U 08040B   23256.69178986  .00002580  00000+0  23142-3 0  9996
2 33313  97.5300 301.4351 0012378 254.7163 105.2691 14.96550685814494