STARLINK-1007           
1 44713U 19074A   23256.37061568  .00003000  00000+0  22021-3 0  9996
2 44713  53.0531 304.2184 0001580 103.4856 256.6309 15.06400402211840
STARLINK-1094           
1 44941U 20001AD  23256.77884933  .00005737  00000+0  40372-3 0  9992
2 44941  53.0536  82.3863 0001180  86.5790 273.5334 15.06397488203284
STARLINK-1301           
1 45361U 20019B   23256.43791075  .00001064  00000+0  90338-4 0  9992
2 45361  53.0530 263.9197 0001659 101.9246 258.1929 15.06399014193117
STARLINK-1458           
1 45675U 20035U   23256.17621384  .00029269  00000+0  19755-2 0  9993
2 45675  53.0539 185.0965 0001428 103.9764 256.1384 15.06404098181762
STARLINK-1462           
1 45770U 20038AS  23256.52081552  .00025670  00000+0  17352-2 0  9991
2 45770  53.0544 313.5490 0001367 101.2773 258.8370 15.06415802179865