THEOS1                   
1 33396U 08049A   23257.11601157  .00000122  00000+0  77601-4 0  9995
2 33396  98.6965 323.3877 0001231  0.0000 270.3858 14.20038023775053
THEOS2                  
1 33396U 08049A   23257.11601157  .00000122  00000+0  77601-4 0  9995
2 33396  98.6965 323.3877 0001231  45.0000 270.3858 14.20038023775053
THEOS3                  
1 33396U 08049A   23257.11601157  .00000122  00000+0  77601-4 0  9995
2 33396  98.6965 323.3877 0001231  90.0000 270.3858 14.20038023775053
THEOS4                  
1 33396U 08049A   23257.11601157  .00000122  00000+0  77601-4 0  9995
2 33396  98.6965 323.3877 0001231  135.0000 270.3858 14.20038023775053
THEOS5                   
1 33396U 08049A   23257.11601157  .00000122  00000+0  77601-4 0  9995
2 33396  98.6965 323.3877 0001231  180.0000 270.3858 14.20038023775053
THEOS6                  
1 33396U 08049A   23257.11601157  .00000122  00000+0  77601-4 0  9995
2 33396  98.6965 323.3877 0001231  225.0000 270.3858 14.20038023775053
THEOS7                  
1 33396U 08049A   23257.11601157  .00000122  00000+0  77601-4 0  9995
2 33396  98.6965 323.3877 0001231  270.0000 270.3858 14.20038023775053
THEOS8                  
1 33396U 08049A   23257.11601157  .00000122  00000+0  77601-4 0  9995
2 33396  98.6965 323.3877 0001231  315.0000 270.3858 14.20038023775053