97.36, 18.59
97.36, 18.56
97.43, 18.55
97.44, 18.49
97.48, 18.51
97.5, 18.49
97.54, 18.49
97.54, 18.53
97.57, 18.52
97.61, 18.54
97.61, 18.55
97.61, 18.56
97.62, 18.57
97.64, 18.56
97.65, 18.58
97.68, 18.57
97.77, 18.58
97.77, 18.71
97.75, 18.72
97.76, 18.77
97.74, 18.81
97.75, 18.86
97.74, 18.89
97.71, 18.89
97.69, 18.93
97.67, 18.93
97.67, 18.95
97.73, 18.97
97.74, 19.04
97.77, 19.04
97.76, 19.07
97.84, 19.09
97.83, 19.14
97.85, 19.22
97.78, 19.26
97.8, 19.29
97.83, 19.28
97.84, 19.3
97.8, 19.35
97.81, 19.38
97.79, 19.4
97.88, 19.5
97.85, 19.55
97.86, 19.58
97.92, 19.58
97.94, 19.6
97.96, 19.59
97.98, 19.6
97.97, 19.61
97.98, 19.64
98.04, 19.64
98.03, 19.81
98.09, 19.81
98.08, 19.79
98.1, 19.77
98.14, 19.79
98.2, 19.73
98.23, 19.73
98.24, 19.68
98.3, 19.68
98.32, 19.7
98.47, 19.69
98.52, 19.72
98.57, 19.67
98.58, 19.71
98.62, 19.71
98.64, 19.74
98.7, 19.76
98.78, 19.75
98.8, 19.78
98.83, 19.79
98.83, 19.81
98.85, 19.81
98.9, 19.76
98.96, 19.77
99.02, 19.79
99.03, 19.83
99.02, 19.93
99.04, 19.93
99.03, 19.97
99.05, 20
99.04, 20.04
99.07, 20.07
99.07, 20.1
99.13, 20.1
99.13, 20.12
99.15, 20.13
99.22, 20.13
99.24, 20.11
99.28, 20.12
99.37, 20.09
99.44, 20.09
99.49, 20.11
99.51, 20.15
99.54, 20.15
99.56, 20.22
99.52, 20.23
99.52, 20.27
99.5, 20.29
99.51, 20.33
99.46, 20.36
99.46, 20.39
99.5, 20.39
99.51, 20.36
99.56, 20.36
99.6, 20.33
99.65, 20.34
99.67, 20.32
99.7, 20.32
99.72, 20.33
99.72, 20.35
99.81, 20.34
99.85, 20.39
99.84, 20.41
99.88, 20.45
99.97, 20.46
100, 20.41
100.01, 20.42
100.02, 20.4
100.08, 20.38
100.1, 20.32
100.09, 20.26
100.17, 20.24
100.18, 20.25
100.17, 20.3
100.23, 20.32
100.22, 20.35
100.25, 20.37
100.25, 20.39
100.33, 20.4
100.38, 20.35
100.38, 20.31
100.41, 20.28
100.41, 20.25
100.43, 20.25
100.46, 20.22
100.45, 20.2
100.47, 20.2
100.52, 20.14
100.54, 20.15
100.55, 20.18
100.58, 20.17
100.57, 20.09
100.52, 19.96
100.52, 19.9
100.5, 19.89
100.49, 19.86
100.46, 19.86
100.44, 19.84
100.45, 19.83
100.44, 19.79
100.41, 19.78
100.4, 19.75
100.45, 19.71
100.43, 19.69
100.44, 19.63
100.46, 19.63
100.49, 19.6
100.48, 19.55
100.51, 19.52
100.59, 19.5
100.61, 19.55
100.64, 19.56
100.73, 19.53
100.78, 19.49
100.87, 19.58
100.89, 19.63
101.04, 19.63
101.12, 19.57
101.2, 19.58
101.2, 19.6
101.25, 19.6
101.29, 19.57
101.27, 19.47
101.24, 19.48
101.21, 19.47
101.19, 19.37
101.24, 19.33
101.23, 19.29
101.26, 19.24
101.25, 19.22
101.26, 19.12
101.36, 19.05
101.34, 19
101.31, 19
101.29, 18.98
101.3, 18.94
101.27, 18.93
101.28, 18.92
101.27, 18.91
101.25, 18.91
101.26, 18.81
101.23, 18.71
101.26, 18.71
101.27, 18.68
101.25, 18.67
101.23, 18.62
101.18, 18.61
101.18, 18.56
101.16, 18.56
101.13, 18.52
101.12, 18.53
101.1, 18.52
101.09, 18.48
101.06, 18.46
101.05, 18.43
101.08, 18.41
101.08, 18.38
101.18, 18.34
101.18, 18.32
101.15, 18.3
101.16, 18.23
101.19, 18.22
101.16, 18.13
101.18, 18.05
101.13, 18.02
101.12, 17.95
101.09, 17.94
101.09, 17.92
101.02, 17.9
101.03, 17.83
100.99, 17.81
101.01, 17.78
100.98, 17.77
100.98, 17.75
101.01, 17.73
101, 17.72
101.01, 17.69
100.99, 17.68
100.99, 17.61
100.97, 17.57
101.05, 17.55
101.06, 17.51
101.08, 17.5
101.1, 17.51
101.11, 17.48
101.16, 17.47
101.16, 17.49
101.18, 17.49
101.18, 17.53
101.23, 17.53
101.26, 17.6
101.29, 17.63
101.31, 17.63
101.32, 17.66
101.35, 17.66
101.36, 17.68
101.38, 17.68
101.38, 17.7
101.41, 17.69
101.41, 17.71
101.43, 17.71
101.42, 17.73
101.4, 17.72
101.4, 17.74
101.45, 17.73
101.48, 17.76
101.5, 17.73
101.5, 17.76
101.52, 17.78
101.54, 17.77
101.55, 17.79
101.57, 17.79
101.55, 17.81
101.57, 17.87
101.6, 17.85
101.61, 17.89
101.63, 17.9
101.73, 17.91
101.73, 17.96
101.78, 18.07
101.83, 18.06
101.87, 18.03
101.91, 18.03
101.94, 18.08
102.04, 18.16
102.04, 18.2
102.08, 18.22
102.14, 18.22
102.15, 18.2
102.17, 18.2
102.18, 18.15
102.22, 18.13
102.28, 18.06
102.36, 18.04
102.45, 17.97
102.6, 17.96
102.61, 17.88
102.59, 17.84
102.69, 17.8
102.7, 17.82
102.68, 17.84
102.68, 17.87
102.76, 17.89
102.79, 17.94
102.82, 17.94
102.85, 17.97
102.91, 17.98
102.93, 18
102.98, 18
103.01, 17.97
103.03, 17.97
103.06, 18
103.08, 18.03
103.08, 18.13
103.15, 18.17
103.15, 18.24
103.18, 18.27
103.3, 18.3
103.29, 18.33
103.26, 18.33
103.24, 18.35
103.24, 18.37
103.3, 18.43
103.42, 18.45
103.46, 18.42
103.52, 18.43
103.57, 18.4
103.6, 18.41
103.7, 18.34
103.84, 18.33
103.86, 18.28
103.89, 18.29
103.92, 18.33
103.97, 18.34
104.05, 18.24
104.12, 18.09
104.22, 18
104.27, 17.87
104.3, 17.84
104.34, 17.84
104.36, 17.82
104.47, 17.65
104.7, 17.53
104.73, 17.5
104.74, 17.46
104.8, 17.4
104.81, 17.33
104.8, 17.15
104.73, 17.03
104.73, 16.93
104.76, 16.86
104.74, 16.82
104.74, 16.77
104.76, 16.75
104.76, 16.67
104.73, 16.58
104.74, 16.53
104.76, 16.5
104.86, 16.44
104.86, 16.4
104.89, 16.37
104.89, 16.35
104.92, 16.34
104.95, 16.31
104.95, 16.29
104.97, 16.29
105.02, 16.24
105.01, 16.19
105.04, 16.1
105.14, 16.08
105.19, 16.05
105.41, 16.02
105.43, 15.99
105.38, 15.99
105.34, 15.92
105.39, 15.84
105.39, 15.8
105.42, 15.79
105.44, 15.75
105.48, 15.75
105.49, 15.77
105.56, 15.75
105.61, 15.71
105.61, 15.69
105.64, 15.66
105.63, 15.57
105.59, 15.51
105.6, 15.5
105.59, 15.42
105.54, 15.39
105.49, 15.39
105.47, 15.36
105.49, 15.32
105.58, 15.33
105.59, 15.26
105.53, 15.25
105.52, 15.22
105.49, 15.2
105.5, 15.19
105.48, 15.19
105.47, 15.17
105.48, 15.15
105.47, 15.12
105.49, 15.09
105.52, 15.08
105.51, 15.06
105.56, 15.06
105.55, 15.03
105.57, 15.02
105.57, 15
105.6, 15
105.62, 14.98
105.59, 14.95
105.55, 14.95
105.55, 14.92
105.58, 14.9
105.58, 14.88
105.55, 14.88
105.55, 14.83
105.52, 14.82
105.51, 14.75
105.54, 14.74
105.52, 14.73
105.52, 14.65
105.54, 14.62
105.53, 14.55
105.5, 14.51
105.48, 14.51
105.49, 14.5
105.48, 14.48
105.43, 14.42
105.41, 14.43
105.37, 14.39
105.32, 14.4
105.31, 14.37
105.28, 14.37
105.28, 14.35
105.25, 14.36
105.23, 14.35
105.23, 14.33
105.2, 14.35
105.17, 14.34
105.18, 14.31
105.15, 14.29
105.15, 14.24
105.13, 14.22
105.05, 14.21
105.05, 14.23
105.02, 14.24
105.02, 14.28
104.99, 14.31
105, 14.37
104.98, 14.39
104.94, 14.38
104.93, 14.4
104.9, 14.4
104.88, 14.42
104.83, 14.4
104.81, 14.44
104.73, 14.4
104.72, 14.43
104.69, 14.42
104.69, 14.4
104.63, 14.42
104.58, 14.38
104.57, 14.35
104.52, 14.37
104.48, 14.37
104.48, 14.35
104.38, 14.38
104.32, 14.37
104.27, 14.41
104.24, 14.37
104.17, 14.38
104.17, 14.36
104.14, 14.35
104.14, 14.37
104.11, 14.38
104.07, 14.34
104.01, 14.34
104, 14.36
103.95, 14.35
103.95, 14.33
103.88, 14.34
103.86, 14.37
103.83, 14.37
103.82, 14.35
103.8, 14.37
103.77, 14.36
103.75, 14.38
103.7, 14.38
103.71, 14.41
103.7, 14.44
103.65, 14.44
103.64, 14.41
103.61, 14.41
103.6, 14.43
103.53, 14.43
103.47, 14.37
103.42, 14.39
103.38, 14.35
103.31, 14.36
103.23, 14.33
103.14, 14.33
103.13, 14.3
103.06, 14.29
103.06, 14.27
103, 14.21
102.95, 14.21
102.93, 14.18
102.94, 14.14
102.9, 14.09
102.91, 14.02
102.86, 14
102.78, 13.93
102.77, 13.86
102.72, 13.79
102.73, 13.77
102.7, 13.77
102.69, 13.75
102.56, 13.69
102.55, 13.65
102.57, 13.65
102.57, 13.63
102.61, 13.61
102.58, 13.61
102.57, 13.58
102.54, 13.57
102.43, 13.56
102.36, 13.58
102.36, 13.56
102.34, 13.56
102.34, 13.53
102.36, 13.51
102.35, 13.27
102.39, 13.22
102.39, 13.18
102.42, 13.14
102.43, 13.09
102.46, 13.08
102.49, 13.01
102.53, 13.01
102.52, 12.99
102.49, 12.99
102.49, 12.93
102.51, 12.9
102.5, 12.85
102.52, 12.84
102.54, 12.78
102.5, 12.74
102.51, 12.67
102.53, 12.65
102.57, 12.66
102.59, 12.63
102.65, 12.61
102.64, 12.59
102.67, 12.58
102.7, 12.51
102.73, 12.51
102.74, 12.46
102.77, 12.46
102.77, 12.43
102.78, 12.44
102.79, 12.42
102.79, 12.4
102.74, 12.39
102.72, 12.36
102.73, 12.3
102.71, 12.27
102.72, 12.22
102.7, 12.17
102.73, 12.11
102.77, 12.08
102.78, 11.98
102.82, 11.93
102.81, 11.92
102.83, 11.85
102.91, 11.76
102.91, 11.65
102.76, 11.4
102.56, 11.35
102.4, 11.44
102.22, 11.67
102.1, 11.86
102.03, 12.02
102.04, 12.13
101.99, 12.13
101.9, 12.17
101.83, 12.28
101.74, 12.22
101.64, 12.2
101.56, 12.23
101.49, 12.31
101.36, 12.31
101.26, 12.4
101.25, 12.46
101.22, 12.44
101.16, 12.44
101.17, 12.42
101.16, 12.39
101.08, 12.31
101.02, 12.28
100.86, 12.31
100.77, 12.39
100.22, 12.38
100.21, 12.33
100.24, 12.28
100.24, 12.18
100.12, 11.96
100.07, 11.93
100.04, 11.89
100.04, 11.71
100.01, 11.64
99.98, 11.61
99.97, 11.53
99.91, 11.45
99.82, 11.4
99.82, 11.33
99.77, 11.23
99.78, 11.21
99.77, 11.02
99.72, 10.93
99.74, 10.74
99.72, 10.67
99.67, 10.61
99.63, 10.59
99.99, 10.27
100.18, 10.03
100.28, 9.79
100.3, 9.66
100.89, 8.53
102.19, 7.43
102.26, 6.65
102.16, 6.46
102.17, 6.46
102.08, 6.23
102.09, 6.14
102.06, 6.11
102.06, 6.08
102, 6.05
101.97, 6.02
101.97, 6
101.95, 6
101.92, 5.92
101.94, 5.9
101.94, 5.86
101.92, 5.84
101.88, 5.84
101.88, 5.8
101.84, 5.79
101.82, 5.76
101.83, 5.73
101.77, 5.77
101.76, 5.8
101.72, 5.78
101.71, 5.75
101.69, 5.75
101.69, 5.78
101.66, 5.81
101.66, 5.88
101.63, 5.87
101.62, 5.91
101.57, 5.93
101.52, 5.91
101.53, 5.9
101.51, 5.9
101.49, 5.87
101.39, 5.87
101.39, 5.85
101.35, 5.83
101.35, 5.81
101.32, 5.8
101.27, 5.81
101.25, 5.77
101.26, 5.71
101.22, 5.69
101.22, 5.66
101.17, 5.65
101.17, 5.63
101.13, 5.61
101.13, 5.65
101.08, 5.71
101.08, 5.73
101.03, 5.74
101.02, 5.77
100.99, 5.79
101.03, 5.92
101.09, 5.91
101.09, 5.94
101.12, 5.97
101.1, 6.06
101.13, 6.09
101.13, 6.11
101.06, 6.14
101.09, 6.18
101.13, 6.19
101.11, 6.25
101.01, 6.25
100.99, 6.26
100.99, 6.28
100.97, 6.28
100.94, 6.24
100.91, 6.25
100.9, 6.23
100.87, 6.26
100.87, 6.24
100.85, 6.23
100.83, 6.3
100.85, 6.32
100.82, 6.35
100.82, 6.43
100.81, 6.45
100.75, 6.46
100.74, 6.51
100.7, 6.46
100.65, 6.44
100.65, 6.46
100.61, 6.46
100.6, 6.48
100.51, 6.49
100.49, 6.52
100.41, 6.52
100.39, 6.54
100.36, 6.54
100.36, 6.56
100.31, 6.6
100.33, 6.67
100.3, 6.67
100.29, 6.71
100.25, 6.71
100.24, 6.69
100.22, 6.7
100.22, 6.72
100.18, 6.71
100.17, 6.69
100.18, 6.57
100.15, 6.56
100.16, 6.49
100.15, 6.45
100.12, 6.42
100, 6.43
99.88, 6.54
99.65, 6.48
99.55, 6.51
99.51, 6.48
99.46, 6.31
99.32, 6.27
99.11, 6.3
99.01, 6.38
98.97, 6.45
98.96, 6.55
99, 6.66
99.04, 6.71
99.11, 6.76
99.18, 6.78
99.31, 6.77
99.3, 6.88
99.21, 6.99
99.19, 7.04
99.11, 7
99.02, 7
98.92, 7.05
98.88, 7.09
98.86, 7.22
98.82, 7.22
98.73, 7.28
98.69, 7.35
98.69, 7.47
98.6, 7.55
98.57, 7.55
98.46, 7.33
98.38, 7.27
98.29, 7.26
98.2, 7.29
98.14, 7.35
98.12, 7.4
98.12, 7.5
98.16, 7.59
98.1, 7.68
98.09, 7.8
98.07, 7.84
98.08, 7.97
98.06, 8.04
98.1, 8.13
98.06, 8.23
98.07, 8.29
98.01, 8.5
98.05, 8.82
98.03, 8.92
98.07, 9.02
98.05, 9.09
98.06, 9.13
98.01, 9.13
98.03, 9.06
98.01, 8.99
97.98, 8.95
98.02, 8.89
98.02, 8.79
97.99, 8.71
97.9, 8.64
97.86, 8.63
97.9, 8.5
97.88, 8.42
97.77, 8.3
97.66, 8.27
97.56, 8.29
97.5, 8.34
97.47, 8.41
97.43, 8.56
97.46, 8.75
97.5, 8.81
97.59, 8.87
97.63, 8.96
97.61, 9.11
97.65, 9.18
97.72, 9.25
97.67, 9.3
97.63, 9.4
97.65, 9.49
97.72, 9.61
97.86, 9.58
97.98, 9.53
98.06, 9.53
98.12, 9.55
98.23, 9.64
98.34, 9.89
98.42, 9.97
98.48, 9.96
98.52, 9.92
98.57, 9.94
98.58, 10
98.65, 10.11
98.64, 10.14
98.71, 10.23
98.75, 10.39
98.77, 10.4
98.77, 10.43
98.81, 10.46
98.8, 10.49
98.82, 10.5
98.81, 10.53
98.82, 10.55
98.8, 10.56
98.81, 10.59
98.78, 10.61
98.78, 10.68
98.85, 10.75
98.86, 10.78
98.91, 10.78
98.92, 10.83
98.96, 10.81
99.01, 10.85
99, 10.94
99.02, 10.95
99.02, 10.97
99.08, 10.95
99.1, 11.01
99.12, 11.03
99.16, 11.03
99.18, 11.08
99.23, 11.11
99.22, 11.14
99.25, 11.16
99.27, 11.23
99.31, 11.25
99.31, 11.27
99.33, 11.28
99.31, 11.32
99.34, 11.33
99.36, 11.37
99.4, 11.38
99.39, 11.46
99.44, 11.48
99.47, 11.52
99.47, 11.62
99.5, 11.64
99.52, 11.64
99.52, 11.62
99.57, 11.63
99.6, 11.71
99.64, 11.73
99.64, 11.79
99.66, 11.83
99.62, 11.83
99.62, 11.86
99.58, 11.89
99.59, 12
99.54, 12.01
99.53, 12.07
99.56, 12.09
99.55, 12.1
99.57, 12.14
99.51, 12.15
99.5, 12.13
99.47, 12.13
99.47, 12.16
99.49, 12.17
99.5, 12.2
99.47, 12.23
99.48, 12.28
99.44, 12.32
99.43, 12.36
99.45, 12.41
99.43, 12.41
99.42, 12.43
99.43, 12.45
99.4, 12.46
99.41, 12.49
99.43, 12.49
99.42, 12.56
99.44, 12.56
99.44, 12.59
99.42, 12.61
99.37, 12.62
99.37, 12.64
99.34, 12.64
99.33, 12.67
99.3, 12.67
99.3, 12.7
99.27, 12.73
99.23, 12.73
99.23, 12.81
99.21, 12.84
99.19, 12.84
99.17, 12.92
99.17, 12.94
99.19, 12.95
99.19, 12.99
99.17, 13
99.17, 13.02
99.13, 13.03
99.1, 13.06
99.14, 13.13
99.12, 13.2
99.17, 13.21
99.18, 13.19
99.21, 13.2
99.2, 13.24
99.21, 13.27
99.19, 13.28
99.19, 13.32
99.21, 13.34
99.2, 13.35
99.21, 13.47
99.19, 13.49
99.19, 13.55
99.16, 13.57
99.18, 13.58
99.17, 13.73
99.15, 13.74
99.15, 13.76
99.12, 13.77
99.12, 13.83
99.1, 13.83
99.11, 13.9
99.08, 13.89
99.05, 13.94
99.02, 13.94
99, 14.02
98.97, 14.03
98.96, 14.1
98.94, 14.09
98.93, 14.11
98.89, 14.11
98.87, 14.15
98.85, 14.15
98.83, 14.18
98.81, 14.17
98.74, 14.24
98.7, 14.25
98.7, 14.27
98.6, 14.32
98.59, 14.34
98.6, 14.37
98.56, 14.38
98.56, 14.42
98.51, 14.47
98.5, 14.53
98.46, 14.53
98.46, 14.58
98.44, 14.59
98.44, 14.61
98.38, 14.65
98.34, 14.71
98.32, 14.71
98.3, 14.76
98.28, 14.77
98.28, 14.8
98.25, 14.81
98.26, 14.86
98.23, 14.88
98.25, 14.92
98.23, 14.94
98.23, 14.97
98.21, 14.98
98.21, 15.02
98.23, 15.03
98.23, 15.05
98.18, 15.1
98.19, 15.15
98.21, 15.17
98.2, 15.24
98.22, 15.22
98.26, 15.22
98.27, 15.26
98.3, 15.27
98.3, 15.31
98.41, 15.26
98.42, 15.28
98.41, 15.3
98.39, 15.3
98.4, 15.31
98.39, 15.34
98.41, 15.36
98.5, 15.39
98.54, 15.37
98.55, 15.34
98.57, 15.35
98.59, 15.47
98.55, 15.6
98.56, 15.61
98.55, 15.69
98.56, 15.76
98.61, 15.87
98.58, 15.91
98.61, 15.99
98.56, 16.03
98.56, 16.05
98.59, 16.08
98.61, 16.04
98.63, 16.04
98.63, 16.06
98.66, 16.07
98.68, 16.13
98.7, 16.14
98.72, 16.12
98.78, 16.13
98.81, 16.1
98.83, 16.11
98.83, 16.13
98.85, 16.13
98.86, 16.16
98.85, 16.22
98.91, 16.26
98.91, 16.3
98.93, 16.31
98.93, 16.34
98.91, 16.34
98.92, 16.39
98.89, 16.42
98.83, 16.42
98.81, 16.4
98.82, 16.38
98.78, 16.37
98.78, 16.34
98.74, 16.35
98.71, 16.28
98.67, 16.27
98.67, 16.35
98.65, 16.35
98.66, 16.38
98.64, 16.4
98.64, 16.44
98.66, 16.46
98.63, 16.48
98.6, 16.55
98.58, 16.56
98.59, 16.59
98.57, 16.63
98.51, 16.65
98.52, 16.7
98.5, 16.7
98.5, 16.72
98.47, 16.71
98.46, 16.75
98.48, 16.75
98.49, 16.77
98.48, 16.79
98.55, 16.81
98.54, 16.83
98.49, 16.84
98.51, 16.88
98.53, 16.87
98.54, 16.9
98.51, 16.9
98.5, 16.92
98.51, 16.93
98.49, 16.92
98.49, 16.95
98.51, 16.95
98.47, 16.97
98.45, 17.02
98.43, 17.02
98.44, 17.04
98.4, 17.06
98.32, 17.06
98.31, 17.08
98.32, 17.11
98.3, 17.12
98.28, 17.11
98.3, 17.15
98.27, 17.15
98.28, 17.17
98.27, 17.19
98.25, 17.18
98.25, 17.21
98.23, 17.21
98.21, 17.25
98.17, 17.26
98.13, 17.32
98.11, 17.32
98.1, 17.35
98.12, 17.38
98.09, 17.4
98.08, 17.39
98.05, 17.42
98.06, 17.44
98.03, 17.45
97.99, 17.51
97.93, 17.53
97.91, 17.58
97.85, 17.62
97.76, 17.72
97.77, 17.76
97.74, 17.77
97.72, 17.82
97.69, 17.83
97.67, 17.87
97.69, 17.93
97.74, 17.96
97.74, 17.99
97.72, 18.01
97.71, 18.06
97.7, 18.07
97.68, 18.06
97.68, 18.16
97.61, 18.22
97.61, 18.25
97.64, 18.27
97.64, 18.29
97.62, 18.32
97.58, 18.34
97.54, 18.32
97.54, 18.29
97.52, 18.27
97.5, 18.27
97.46, 18.31
97.44, 18.34
97.45, 18.39
97.44, 18.41
97.42, 18.41
97.42, 18.44
97.39, 18.47
97.39, 18.51
97.34, 18.55
97.34, 18.58
97.36, 18.59